160

94 92 127 0 11
84 127 0 8
94 90 98 127 0 5
149 1 71
94 92 121 2 25
94 61 92 121 2 3
77 42 92 121 2 14
36 3 122
22 4 115
135 5 101
57 41 63 6 27
43 3 91 63 6 13
100 3 91 63 6 4
44 0 63 6 9
57 5 0 63 6 11
49 0 63 6 6
147 7 85
25 8 200
100 3 31 9 19
57 41 150 31 9 6
94 89 150 31 9 8
104 150 31 9 16
84 10 79
54 11 73
44 148 12 6
147 148 12 30
135 140 148 12 2
135 140 144 148 12 4
77 71 148 12 6
49 50 13 30
36 35 50 13 13
69 14 73
11 15 61
85 16 103
77 72 17 21
44 40 72 17 3
77 74 73 72 17 22
43 40 72 17 4
100 40 72 17 14
57 16 73 72 17 9
77 75 76 72 17 3
20 18 170
54 55 158 19 14
11 150 159 158 19 17
104 107 20 40
94 107 20 12
57 48 21 33
100 2 48 21 4
28 47 48 21 21
128 22 145
94 90 98 23 16
126 24 168
100 99 25 5
94 90 99 25 4
100 102 99 25 13
11 1 101 99 25 9
128 1 101 99 25 2
44 154 30 26 32
49 30 26 39
94 30 26 14
37 27 95
159 28 40
44 17 18 29 40
20 17 18 29 5
20 18 29 11
129 30 45
77 42 33 120 31 1
77 42 92 121 120 31 6
57 33 120 31 6
126 125 91 120 31 10
123 32 79
80 157 33 16
44 154 157 33 6
100 155 157 33 5
131 34 55
49 35 130
81 36 101
94 61 37 47
80 79 61 37 15
36 32 38 48
97 39 94
137 40 74
114 41 103
17 42 194
94 142 43 1
77 71 142 43 4
11 150 142 43 8
97 2 142 43 15
89 44 192
89 87 45 35
94 90 87 45 2
57 16 90 87 45 6
54 56 87 45 6
54 53 56 87 45 15
54 55 56 87 45 4
103 46 134
4 47 73
60 48 98
67 49 47
46 50 83
139 51 119
57 33 58 52 14
57 59 58 52 4
57 53 113
20 9 8 54 21
57 8 54 2
46 40 65 55 17
11 150 41 65 55 10
56 56 163
43 38 134 57 6
128 93 134 57 31
104 93 134 57 2
85 83 58 41
81 83 58 38
84 83 58 18
57 59 59 17
103 105 59 59 21
77 42 92 105 59 59 2
43 42 92 105 59 59 14
54 66 92 105 59 59 8
54 66 106 105 59 59 1
77 71 59 59 5
20 144 60 2
135 140 144 60 8
147 145 144 60 7
77 71 148 144 60 2
97 2 148 144 60 2
36 145 144 60 10
147 144 60 18
77 75 61 8
77 71 76 75 61 1
57 16 73 75 61 12
126 5 7 73 75 61 9
126 5 7 73 74 75 61 1
126 125 76 75 61 1
126 5 7 73 76 75 61 14
159 75 61 7
129 78 62 6
80 78 62 10
43 42 78 62 14
155 63 100
106 64 118
77 65 55
135 45 66 7
46 45 66 28
108 67 80
80 79 68 21
155 92 61 79 68 3
20 79 68 18
43 122 124 69 2
126 124 69 6
54 66 70 6
106 66 70 5
20 9 66 70 2
69 66 70 50
106 105 92 66 70 19
11 150 41 66 70 3
149 109 9 66 70 9
36 35 50 51 71 2
46 40 51 71 16
