708

164 0 97
452 441 440 -1 25
59 2 128
207 464 531 -1 14
111 701 56 50 -1 12
111 110 78 23
111 113 317 28
95 96 607 608 519 -1 14
95 548 338 19
95 52 90 91 -1 19
95 96 624 610 238 205 7
95 683 679 322 1
414 413 130 31
414 355 32 264 4
414 416 413 130 12
414 230 214 144 16 247 1
414 415 413 130 10
196 197 551 223 9
196 197 195 144 16 247 4
196 197 195 144 141 -1 4
196 197 143 145 141 -1 11
773 511 53 50 -1 22
773 774 2 531 -1 7
773 511 516 56 50 -1 9
773 511 291 -1 6
773 40 630 74 206 8
29 9 63
122 124 440 -1 8
122 125 713 217 216 -1 9
122 125 612 615 -1 6
122 787 352 43 41 -1 18
495 496 18 11
686 688 140 141 -1 5
686 687 684 615 -1 14
686 688 140 146 141 -1 22
263 13 126
287 14 65
730 424 232 11
203 16 110
771 770 707 23 50 -1 19
771 770 707 287 14 5
771 291 -1 44
771 770 707 351 443 440 -1 2
771 770 707 702 166 164 0 2
496 18 77
252 248 123 39
252 249 290 -1 16
252 241 242 233 15
252 241 546 548 338 23
252 213 83 214 1
318 320 292 49
318 319 716 145 141 -1 5
363 21 55
677 54 50 -1 14
677 441 440 -1 13
677 676 53 16
677 441 446 320 292 3
636 440 -1 39
755 24 73
595 593 146 141 -1 12
595 349 295 291 -1 1
595 593 12 548 338 3
595 717 719 166 7
595 594 519 -1 5
595 594 517 519 -1 1
151 679 322 32
151 82 780 237 10
200 27 63
644 28 49
278 29 99
281 30 113
741 31 92
505 32 145
186 33 94
12 34 80
264 263 13 29
541 36 70
651 37 42
103 38 84
454 795 106 17
454 453 445 510 519 -1 1
454 453 118 632 70 290 -1 8
286 40 72
640 41 78
138 42 114
359 350 356 -1 10
775 44 38
230 214 212 216 -1 8
230 214 215 216 -1 2
230 231 210 213 83 214 5
230 338 249 290 -1 12
230 231 210 719 166 2
661 662 -1 33
661 659 662 -1 3
661 291 -1 35
129 47 73
208 146 141 -1 11
208 146 270 220 -1 7
208 146 145 141 -1 9
208 15 531 -1 26
552 49 90
75 51 50 -1 19
116 51 31
328 52 81
676 53 50
457 54 51
46 44 769 244 14
46 717 719 166 4
46 44 480 481 131 6
46 36 34 481 131 9
487 484 316 290 -1 24
487 484 516 56 50 -1 1
487 484 482 486 346 242 2
487 484 516 519 -1 7
487 484 15 531 -1 6
487 486 629 267 481 131 1
487 482 4 2 531 -1 2
342 346 242 8
342 344 142 141 -1 7
342 344 346 242 27
342 344 795 106 2
342 345 356 -1 1
112 110 78 28
112 113 317 6
473 735 243 2
473 117 55 50 -1 3
473 444 491 90 23
127 350 356 -1 21
127 556 16 247 2
127 777 779 778 780 237 9
127 556 617 618 216 -1 21
127 56 646 216 7
191 61 6
432 760 161 6
432 4 2 531 -1 20
432 4 43 41 -1 4
432 285 283 334 303 2
386 263 13 8
386 383 281 30 5
386 387 16 247 2
386 383 510 519 -1 7
386 385 53 50 -1 12
386 385 53 58 278 29 2
386 385 53 355 32 264 5
386 613 665 -1 6
641 64 176
717 719 166 28
717 718 719 166 18
397 66 118
761 759 150 35
739 68 146
578 69 48
227 70 54
154 155 240 6
557 72 135
14 73 155
19 74 86
124 75 162
233 235 212 215 216 -1 19
233 211 217 216 -1 6
233 211 214 215 216 -1 3
233 211 210 719 166 12
482 77 163
110 78 34
31 79 60
269 271 440 -1 38
269 270 216 -1 9
269 271 51 50 -1 8
269 270 146 145 141 -1 2
269 270 469 320 1
660 81 165
243 82 83
228 353 356 -1 4
228 210 719 166 16
228 353 350 356 -1 4
497 84 55
675 85 85
625 86 57
188 87 64
107 659 662 -1 11
107 108 488 491 90 4
159 141 -1 17
159 156 510 519 -1 7
159 160 578 69 21
491 90 66
575 91 86
415 92 106
549 548 338 36
549 545 546 548 338 8
549 703 736 16 247 15
549 347 346 242 3
549 703 705 559 -1 5
549 703 751 343 4
549 545 548 338 3
549 543 548 338 6
553 514 742 102 101 347 18
553 514 516 56 646 216 7
553 554 346 242 9
301 95 92
179 96 48
384 351 357 519 -1 22
384 383 510 519 -1 1
384 385 53 355 32 264 3
27 662 -1 23
684 99 59
463 100 124
796 795 106 4
796 797 795 106 8
624 610 238 205 23
624 96 607 605 415 92 3
223 103 53
135 104 73
279 281 30 41
795 106 106
184 107 51
664 665 -1 5
664 299 291 -1 6
664 299 215 212 263 13 12
664 299 215 217 216 -1 1
664 299 400 79 78 76 -1 5
664 299 354 408 234 8
79 220 -1 11
126 110 68
714 716 145 14 73 28
714 715 713 217 216 -1 3
632 112 70
72 74 206 21
72 73 74 206 14
245 247 212 51 50 -1 6
245 705 28 183 9
26 28 183 9
26 424 232 37
26 713 217 216 -1 4
26 713 217 278 29 1
175 116 60
507 117 115
685 118 52
35 119 96
185 618 216 -1 11
185 143 216 -1 10
185 618 584 313 21
237 238 205 17
237 240 238 205 18
237 275 272 216 -1 8
237 568 518 519 -1 7
574 122 62
248 123 57
426 124 92
409 408 234 50
409 411 62 -1 11
409 407 408 234 7
409 410 408 234 11
409 407 66 50 -1 3
70 290 -1 38
70 632 112 8
70 50 -1 15
70 132 610 238 205 2
70 132 610 141 -1 8
70 132 45 137 177 2
448 440 -1 20
448 701 29 9 6
448 701 702 166 164 0 2
448 447 552 49 1
448 701 709 776 116 51 3
448 701 707 770 771 124 75 13
310 93 50 -1 29
310 93 52 90 91 -1 6
310 174 82 780 237 22
310 93 52 90 88 91 -1 1
310 590 589 212 6
366 779 778 780 237 24
413 130 123
481 131 52
170 171 169 76 -1 11
170 169 76 -1 5
170 294 291 -1 4
170 294 290 -1 1
170 499 63 62 -1 14
538 133 66
88 91 -1 21
88 90 52 83 214 3
88 90 52 56 646 216 25
88 90 52 55 50 -1 2
168 135 33
296 298 290 -1 4
296 297 531 -1 12
158 616 751 343 4
158 616 440 -1 19
158 707 770 771 124 75 15
763 508 363 21 15
763 508 509 638 351 3
763 377 378 660 81 4
528 526 187 41 -1 16
528 340 3 17 14 73 13
528 527 2 531 -1 16
528 340 337 144 34 35 119 1
767 140 90
174 82 780 237 13
174 82 671 83 214 8
174 138 42 26
427 426 124 3
427 593 12 34 3
427 593 141 -1 9
695 143 54
128 35 119 33
128 129 47 2
568 518 519 -1 23
568 515 519 -1 8
568 518 17 14 73 2
194 146 128
626 137 177 11
626 510 445 575 91 1
626 610 141 -1 9
626 610 615 -1 12
522 520 444 491 90 26
522 162 166 164 0 6
522 520 444 440 -1 5
522 292 43 41 -1 7
275 149 63
759 150 82
654 529 345 39
654 353 632 112 22
198 152 94
784 153 104
44 46 36 34 35 119 10
44 45 137 177 25
44 45 331 330 298 3
770 155 106
594 156 61
109 138 42 10
109 536 475 350 356 -1 1
109 108 488 491 90 19
687 158 63
7 159 64
451 0 293 780 237 20
451 0 293 389 426 124 12
451 0 413 130 4
760 161 88
643 640 41 47
643 642 641 64 8
643 244 242 233 38
329 330 298 33
329 328 52 17
40 630 74 206 23
40 630 584 313 8
40 542 548 338 23
394 395 560 561 559 -1 2
394 223 103 8
394 396 583 216 -1 3
394 396 583 440 -1 1
719 166 76
438 167 129
797 168 92
670 169 69
778 780 237 14
778 779 780 237 21
778 779 64 198 152 4
778 779 556 557 72 4
671 171 86
554 346 242 4
554 352 43 41 -1 16
554 505 32 28
554 54 50 -1 6
738 739 68 1
738 741 31 47
738 125 123 287 14 9
642 641 64 16
642 301 95 23
642 643 244 242 233 7
642 643 612 615 -1 1
642 640 41 15
254 684 99 36
254 256 472 275 149 23
254 256 143 216 -1 4
17 176 163
137 177 88
565 757 146 797 168 27
565 567 41 -1 27
565 564 567 41 -1 4
321 179 111
25 180 72
87 91 -1 30
131 58 50 -1 15
131 58 133 50 -1 3
131 58 751 343 21
131 132 688 687 158 4
131 554 54 50 -1 3
28 183 26
462 184 68
745 185 101
395 560 561 559 -1 17
395 560 559 -1 10
395 560 561 446 320 292 2
395 423 424 232 11
338 187 97
10 5 351 357 519 -1 4
10 5 351 357 675 85 2
10 5 351 707 770 155 15
10 5 7 159 10
226 227 70 32
226 223 103 3
226 224 227 70 10
652 653 507 117 38
652 655 653 507 117 5
592 191 78
387 192 84
166 193 123
335 194 86
42 41 -1 9
42 319 716 145 143 216 -1 6
793 196 34
722 724 273 3
722 725 63 62 -1 5
722 482 77 9
722 725 724 273 8
668 613 665 -1 1
668 666 557 72 29
668 31 79 16
668 300 442 440 -1 5
668 300 186 33 14
375 199 74
577 576 573 574 122 13
167 201 135
542 202 131
402 203 99
69 50 -1 31
69 697 217 278 29 12
238 205 93
74 206 97
609 605 415 92 17
609 605 467 465 463 100 2
609 606 112 113 317 12
609 268 216 -1 5
411 62 -1 11
411 408 234 32
576 209 127
428 684 99 11
428 784 153 39
428 430 304 301 95 7
428 357 675 85 1
134 41 -1 27
134 140 638 351 12
134 67 685 118 3
589 212 20
466 463 100 27
466 465 463 100 28
466 462 184 26
466 464 531 -1 3
83 214 14
381 215 69
646 216 123
764 740 316 745 185 17
437 435 375 199 14
437 438 167 22
437 467 463 100 5
241 219 90
423 220 161
464 221 135
152 222 25
551 223 47
656 653 507 117 4
656 655 653 507 117 2
656 655 653 356 -1 3
570 225 65
270 226 100
84 227 49
627 706 542 202 23
506 505 32 8
506 735 243 26
506 507 117 11
96 607 298 290 -1 18
96 607 604 119 675 85 9
96 95 683 679 322 11
259 231 51
424 232 51
242 233 166
408 234 34
195 144 442 440 -1 1
195 197 143 216 -1 5
195 343 346 242 14
195 343 347 346 242 11
569 61 62 -1 14
569 576 209 2
569 570 225 30
780 237 94
370 238 96
272 275 149 46
272 274 797 168 6
155 240 20
280 281 30 9
280 57 50 -1 10
280 57 795 106 10
280 38 201 198 152 6
280 455 671 171 1
346 242 74
735 243 35
769 244 46
757 146 797 168 16
757 755 24 32
757 146 270 226 5
757 704 290 -1 19
718 246 92
16 247 64
500 248 118
791 249 127
297 531 -1 24
297 298 25 180 23
297 298 607 604 119 675 85 5
205 251 106
503 252 168
189 187 41 -1 19
189 187 188 87 19
189 32 264 15
189 144 442 440 -1 6
189 188 87 4
672 254 79
98 59 2 22
98 50 -1 3
98 203 16 24
742 256 155
364 370 238 1
364 368 370 238 1
364 366 370 238 5
364 368 369 367 370 238 4
364 368 369 370 238 7
364 368 365 356 -1 21
364 368 0 413 130 1
562 515 519 -1 13
331 259 82
433 239 238 205 14
433 290 -1 20
728 729 219 220 -1 15
323 262 35
63 499 503 252 29
63 725 724 273 24
32 264 75
753 265 70
480 481 131 14
692 402 203 11
692 529 345 33
550 552 49 16
396 269 53
277 270 31
599 271 55
234 272 84
724 273 70
383 274 187
474 759 150 18
474 301 95 39
474 444 440 -1 21
474 335 194 30
721 720 719 166 16
721 720 381 215 12
86 312 423 220 37
86 446 320 292 2
86 85 675 85 28
799 333 300 29
190 191 61 10
190 144 337 338 187 29
580 582 248 123 7
580 579 662 -1 20
580 579 791 249 10
580 582 244 241 219 14
711 710 290 -1 23
711 243 82 31
711 23 22 426 124 5
711 710 363 21 4
711 23 25 180 17
587 583 440 -1 33
587 583 396 269 10
587 584 313 5
587 586 584 313 5
587 586 739 68 6
563 566 244 241 219 6
563 564 50 -1 20
712 711 23 25 180 13
712 700 440 -1 9
176 285 82
488 491 90 1
488 489 641 64 1
488 489 491 90 21
488 108 54 50 -1 1
488 490 491 90 14
488 635 328 52 7
698 574 122 19
698 699 618 584 313 7
698 699 697 217 278 29 2
246 65 67 685 118 6
178 289 140
600 599 271 12
121 118 632 112 26
121 119 675 85 14
320 292 72
629 632 112 14
629 267 481 131 20
629 486 482 77 11
629 267 141 -1 7
93 294 72
494 492 238 205 4
494 445 575 91 12
494 445 336 330 298 25
774 296 73
377 375 199 11
377 378 660 81 10
377 376 378 660 81 16
330 298 72
663 299 119
333 300 42
82 301 123
499 503 252 4
499 498 443 440 -1 3
499 501 155 240 7
499 500 248 4
499 498 443 446 320 292 17
499 63 725 724 273 3
499 63 59 2 5
499 501 503 252 25
334 303 84
187 304 113
653 305 64
266 529 345 16
266 268 216 -1 26
266 603 518 17 176 4
266 267 141 -1 8
525 307 127
765 308 49
731 309 141
361 310 25
710 791 249 43
81 82 301 35
584 313 138
89 314 132
489 491 90 19
489 490 491 90 17
489 144 337 338 187 13
489 144 34 481 131 8
537 316 56
113 317 33
108 54 592 191 1
108 54 791 249 9
108 488 635 328 52 8
108 488 211 402 203 4
108 488 64 696 220 -1 2
385 319 56
469 320 34
556 321 79
679 322 63
349 323 96
218 222 220 -1 8
218 221 220 -1 31
218 222 628 141 -1 6
218 220 -1 7
756 325 81
326 323 262 49
326 421 353 632 112 11
326 396 269 9
459 327 68
520 328 163
450 234 272 21
579 791 249 13
579 581 292 293 389 426 124 8
579 580 581 292 293 389 426 124 4
308 331 107
133 332 55
288 333 93
313 78 76 -1 29
73 74 206 26
73 72 71 74 206 8
73 51 50 -1 12
73 51 55 50 -1 3
73 71 74 206 7
73 51 212 612 615 -1 1
161 141 -1 49
161 644 28 10
524 525 307 5
548 338 147
268 339 60
678 459 327 14
678 676 53 5
678 677 441 446 320 292 10
336 341 114
435 439 438 167 5
435 162 166 193 19
435 436 496 18 6
435 162 167 201 3
435 162 163 166 193 3
435 437 467 463 100 9
751 343 150
282 770 155 24
282 281 30 12
529 345 165
634 346 87
101 347 40
327 348 35
120 349 65
102 742 256 18
102 101 347 32
102 320 292 9
102 103 38 4
638 351 72
777 352 45
416 353 103
43 354 178
147 355 70
271 356 92
475 357 90
400 358 91
267 359 77
