273

37 0 121
41 1 64
217 2 58
164 3 211
9 4 139
119 5 149
171 192 191 6 19
171 192 193 191 6 5
62 66 277 190 191 6 5
140 7 96
289 8 69
205 170 265 146 266 9 8
260 265 146 266 9 3
260 265 266 9 6
43 10 43
51 11 98
171 184 183 12 5
85 183 12 28
164 162 184 183 12 2
62 66 128 129 13 27
240 129 13 25
96 14 84
119 4 105 103 15 20
289 287 1 103 15 8
205 0 4 105 103 15 11
171 181 279 102 103 15 9
209 1 103 15 1
205 245 247 103 15 4
260 262 1 103 15 2
255 254 238 16 9
260 238 16 16
205 249 202 238 16 8
171 101 238 16 14
22 17 77
235 18 141
130 133 104 19 3
41 45 102 104 19 2
161 163 104 19 14
205 0 4 105 104 19 4
281 279 102 104 19 12
256 20 78
146 21 57
92 145 22 32
94 23 100
190 24 88
209 201 223 25 14
20 18 151 223 25 22
260 262 257 223 25 12
67 26 89
143 27 59
62 80 79 28 15
269 29 64
147 30 151
43 44 57 31 18
62 297 58 57 31 17
62 144 58 57 31 26
255 5 57 31 3
114 32 70
16 86 194 33 28
67 69 231 86 194 33 4
62 219 221 34 7
62 88 221 34 22
218 220 221 34 19
188 35 87
218 11 36 22
260 262 11 36 9
205 0 11 36 4
171 262 11 36 8
62 66 204 201 224 37 12
281 227 201 224 37 5
62 219 201 224 37 3
260 35 224 37 13
218 276 38 39
60 276 38 9
205 276 38 13
171 276 38 6
141 39 204
67 69 40 11
43 71 231 69 40 10
60 69 40 2
260 267 69 40 15
227 41 67
134 42 130
68 43 72
90 44 67
260 261 273 45 1
130 118 117 273 45 3
50 115 120 117 273 45 12
119 117 273 45 8
20 118 117 273 45 7
50 115 116 120 117 273 45 1
60 283 46 12
60 290 262 283 46 9
141 131 214 283 46 9
60 290 262 286 47 11
96 262 286 47 1
146 265 262 286 47 11
205 252 200 262 286 47 14
108 48 93
258 49 75
62 15 14 50 3
16 14 50 15
16 17 14 50 26
16 13 15 14 50 8
76 51 82
16 83 84 52 1
20 264 82 84 52 31
260 261 81 82 84 52 7
30 53 37
16 54 45
205 252 251 55 26
260 250 251 55 9
75 73 252 251 55 2
116 56 113
9 158 57 29
281 282 280 58 1
281 280 58 20
281 241 59 50
130 133 241 59 4
141 131 177 241 59 20
255 5 177 241 59 3
92 131 177 241 59 7
130 131 177 241 59 11
141 204 241 59 1
242 60 38
187 61 140
274 62 57
198 63 59
116 120 64 45
119 120 64 9
298 65 69
149 66 55
43 71 67 4
85 154 71 67 22
147 71 67 27
85 68 146
35 69 57
101 70 105
218 71 118
109 72 176
17 73 84
255 74 51
171 181 75 16
67 182 181 75 28
141 204 180 181 75 3
281 279 181 75 8
62 80 76 14
96 80 76 37
235 234 236 80 76 10
235 236 80 76 1
37 36 77 28
96 63 36 77 31
20 36 77 29
260 272 270 78 29
265 79 81
130 132 152 80 2
217 152 80 43
50 115 152 80 31
255 148 81 2
260 292 150 148 81 7
235 233 150 148 81 13
16 176 148 81 10
149 148 81 2
166 82 151
242 244 83 9
149 244 83 7
209 97 172 244 83 2
265 262 29 84 10
274 11 262 29 84 11
96 63 27 29 84 10
248 85 101
86 86 179
53 87 119
236 88 90
17 0 5 165 89 5
166 165 89 27
86 5 165 89 26
166 168 165 89 3
92 90 74
109 263 253 250 91 17
75 73 252 251 250 91 13
265 170 250 91 1
195 92 37
124 93 116
75 74 94 5
62 61 74 94 22
76 74 94 13
161 160 74 94 4
62 65 74 94 8
75 73 74 94 3
7 95 82
75 185 96 28
171 185 96 8
260 272 270 271 97 5
68 271 97 35
50 100 271 97 39
177 98 118
20 18 19 99 6
114 113 19 99 1
20 19 99 12
248 246 245 100 21
227 245 100 21
289 290 101 41
289 287 290 101 23
108 290 101 17
205 249 202 287 290 101 11
114 202 287 290 101 4
274 11 262 290 101 3
161 102 65
98 103 87
209 212 104 28
209 210 212 104 28
130 211 212 104 7
188 189 212 104 18
299 105 79
265 170 178 106 20
260 272 170 178 106 6
60 170 178 106 5
281 282 107 15
73 108 115
199 109 72
7 6 8 110 5
260 8 110 16
171 203 8 110 10
281 106 135 111 12
134 135 111 25
160 112 138
292 113 92
110 114 106
207 115 95
130 137 116 34
62 219 201 136 137 116 3
35 224 201 136 137 116 18
17 157 117 33
207 200 132 157 117 16
85 275 132 157 117 1
92 72 118 7
75 72 118 1
171 72 118 26
7 48 72 118 3
73 72 118 11
160 74 72 118 4
49 119 100
279 120 77
85 91 121 4
92 91 121 32
62 65 91 121 6
168 122 119
32 123 75
51 52 124 17
50 52 124 17
130 122 52 124 14
49 52 124 4
77 125 62
248 264 126 14
20 264 126 14
265 264 126 9
96 63 264 126 2
171 264 126 20
24 127 267
56 128 45
240 129 90
50 130 114
6 131 82
287 132 134
9 293 59 133 2
62 144 58 59 133 2
177 131 59 133 2
299 297 58 59 133 13
16 83 58 59 133 7
209 97 272 59 133 3
279 170 58 59 133 3
176 134 115
